0 3 1
0 10 1
0 12 1
0 13 1
0 14 1
0 16 1
0 18 1
0 20 1
0 31 1
0 36 1
0 37 1
0 39 1
0 40 1
0 106 1
0 177 1
0 182 1
0 3493 1
0 10540 1
0 11327 1
0 11602 1
0 12503 1
0 12508 1
0 12539 1
0 13834 1
0 17127 1
0 17937 1
0 19079 1
0 20576 1
0 27326 1
0 36461 1
0 37214 1
0 37291 1
0 38801 1
0 42092 1
0 45066 1
0 49238 1
0 49387 1
0 51187 1
0 56518 1
0 65546 1
0 73022 1
0 78843 1
0 80510 1
0 83052 1
0 83789 1
0 85241 1
0 94997 1
0 108221 1
0 113252 1
0 133082 1
0 153602 1
0 159465 1
0 169505 1
0 189192 1
0 214883 1
0 215963 1
0 216814 1
0 218702 1
0 222713 1
0 224434 1
0 227309 1
0 231705 1
0 231868 1
0 235178 1
0 235954 1
0 235992 1
0 236064 1
0 236217 1
0 236234 1
0 236257 1
0 236358 1
0 236648 1
0 236708 1
0 236732 1
0 236735 1
0 236740 1
0 237580 1
0 240000 12
0 243276 1
0 244889 1
0 252589 1
0 253905 1
0 258573 1
0 262179 1
0 263221 1
0 268154 1
0 298307 1
0 302347 1
0 306942 1
0 307778 1
0 348150 1
0 348480 1
0 360621 1
0 362415 1
0 369175 1
0 401530 1
0 417347 1
0 425489 1
0 430031 1
0 430824 1
0 430948 1
0 431395 1
0 431498 1
0 435169 1
0 437960 1
0 438099 1
0 443629 1
0 447464 1
0 449653 1
0 454505 1
0 454966 1
0 455071 1
0 456343 1
0 458153 1
0 459574 1
0 462385 1
0 464020 1
0 464270 1
0 466527 1
0 466533 1
0 466591 1
0 466601 1
0 466852 1
0 466914 1
0 467489 1
0 477268 1
0 482551 1
0 485172 1
0 485239 1
0 486459 1
0 487888 1
0 488083 1
0 488499 1
0 488904 1
0 489938 1
0 490369 1
0 490872 1
0 491222 1
0 491229 1
0 492292 1
0 493598 1
0 495834 21
0 495902 1
0 496488 1
0 499525 1
0 502126 1
0 507482 1
0 508346 1
0 510290 1
0 515373 1
0 530542 21
0 536365 1
0 539248 1
0 542938 21
0 551890 1
0 554987 1
0 570594 1
0 604879 1
0 630048 1
0 630895 1
0 646234 1
0 668315 1
0 674924 1
0 678275 1
0 691998 1
0 708216 1
0 742073 1
0 762410 1
0 793792 1
0 794292 1
0 800456 1
0 812101 1
0 813334 1
0 813406 1
0 815999 1
0 819230 1
0 819921 1
0 820075 1
0 820169 1
0 820180 1
0 820273 1
0 820726 1
0 820857 1
0 820910 1
0 821785 1
0 822243 1
0 822453 1
0 822759 1
0 827702 1
0 828102 1
0 829470 1
0 832451 1
0 837280 1
0 839290 1
0 840125 1
0 840247 1
0 840927 1
0 841497 1
0 844845 1
0 852373 1
0 852885 1
0 856178 1
0 857564 1
0 866266 1
0 866498 1
0 867361 1
0 868871 1
0 871475 1
0 882691 1
0 882837 1
0 882897 1
0 882933 1
0 887642 1
0 888511 1
0 888813 1
0 888909 1
0 889228 1
0 890148 1
0 890236 1
0 890735 1
0 894263 1
0 894734 1
0 896541 1
0 899195 1
0 899265 1
0 900490 1
0 901143 1
0 916903 1
0 957811 1
0 958650 1
0 958917 1
0 963919 1
0 967020 1
0 981830 1
0 1011693 1
0 1030671 1
0 1030688 1
0 1038059 1
0 1046298 1
0 1094446 1
0 1152163 1
0 1158903 1
0 1188899 1
0 1197871 1
0 1197901 1
0 1221123 1
0 1223137 1
0 1226987 1
0 1240085 1
0 1240664 1
0 1264946 1
0 1307562 1
0 1314090 1
0 1324188 1
0 1352668 1
0 1353675 1
0 1365644 1
0 1373607 1
0 1390266 1
0 1408412 11
0 1453199 1
0 1453432 1
0 1454455 1
0 1456082 1
0 1458730 1
0 1466657 1
0 1467578 1
0 1471573 1
0 1476580 1
0 1477815 1
0 1480343 1
0 1481338 1
0 1481919 1
0 1483157 1
0 1483788 1
0 1485640 1
0 1486737 1
0 1487559 1
0 1490699 1
0 1491358 1
0 1492558 1
0 1494978 1
0 1497245 1
0 1499718 1
0 1510038 1
0 1521364 1
0 1532103 1
0 1535449 1
0 1542575 1
0 1554487 1
0 1554863 1
0 1589074 1
0 1591133 1
0 1625589 1
0 1645064 1
0 1651448 1
0 1651498 1
0 1674332 1
0 1698585 1
0 1712215 1
0 1722597 1
1 8 1
1 17 1
1 22 1
1 31 1
1 34 1
1 37 13
1 6742 1
1 6869 1
1 9226 1
1 12508 1
1 12969 1
1 13834 1
1 14208 1
1 16519 1
1 18818 1
1 19281 1
1 20043 1
1 20982 1
1 25750 1
1 26416 1
1 28896 1
1 30597 10
1 32632 1
1 34121 1
1 36461 1
1 37214 1
1 41804 1
1 47743 1
1 49387 1
1 49885 1
1 51895 1
1 56820 1
1 65546 1
1 69072 1
1 72374 1
1 76654 1
1 78843 1
1 78851 1
1 78875 1
1 79559 1
1 80170 1
1 83789 1
1 87473 1
1 94940 1
1 101681 1
1 105779 1
1 214137 1
1 216814 1
1 216839 1
1 217303 1
1 218165 1
1 218702 1
1 219023 1
1 220704 1
1 221673 1
1 223728 1
1 224623 1
1 232849 1
1 235491 1
1 235521 1
1 235934 1
1 236744 1
1 242543 1
1 244531 1
1 245170 1
1 246137 1
1 246350 1
1 257337 1
1 263221 10
1 266330 1
1 266955 1
1 268081 1
1 268234 1
1 271871 1
1 278123 1
1 280058 1
1 281067 1
1 290474 1
1 290661 1
1 296675 1
1 306942 1
1 308837 1
1 331148 10
1 332261 1
1 341179 1
1 344228 1
1 375897 1
1 379180 1
1 427324 1
1 429877 1
1 430030 1
1 430031 1
1 430044 1
1 430837 1
1 430852 1
1 430948 1
1 431380 1
1 431391 1
1 431395 1
1 431410 1
1 431473 1
1 431498 1
1 432087 1
1 433796 1
1 435169 1
1 437424 1
1 448186 1
1 451760 1
1 454278 1
1 455360 1
1 457392 1
1 466657 1
1 466867 1
1 472150 1
1 480414 1
1 486099 1
1 488499 1
1 490369 1
1 490459 1
1 490869 1
1 490872 1
1 490938 1
1 491229 1
1 491480 1
1 491488 1
1 492834 1
1 495834 21
1 498570 1
1 500686 1
1 506414 1
1 508215 1
1 508346 1
1 509100 1
1 511213 1
1 515208 1
1 518595 1
1 519514 1
1 519917 1
1 526599 1
1 530542 21
1 538527 1
1 540469 1
1 542938 21
1 544710 1
1 550487 1
1 559712 1
1 572029 1
1 620712 1
1 699204 1
1 722542 1
1 752917 1
1 754375 1
1 790500 1
1 791526 1
1 793637 1
1 795127 1
1 798574 1
1 799592 1
1 803218 1
1 803740 1
1 807899 1
1 810136 1
1 812661 1
1 820075 1
1 820180 1
1 820645 1
1 820715 1
1 820726 1
1 821325 1
1 821522 1
1 821717 1
1 821785 1
1 821912 1
1 822187 1
1 822243 1
1 822398 1
1 822415 1
1 822737 1
1 822759 1
1 824748 1
1 827835 1
1 828102 8
1 829315 1
1 829794 1
1 829927 1
1 830205 1
1 832451 1
1 834235 1
1 840219 1
1 840247 1
1 840927 1
1 842056 1
1 843930 1
1 846715 1
1 848176 1
1 854949 1
1 856170 1
1 856394 1
1 858026 1
1 860015 1
1 868004 1
1 870778 1
1 873557 1
1 874115 1
1 875243 1
1 885681 1
1 888866 1
1 889123 1
1 894717 1
1 895150 1
1 899065 1
1 899195 1
1 900015 1
1 904532 1
1 905119 1
1 908462 1
1 910845 1
1 913917 1
1 916903 1
1 927941 1
1 932757 1
1 946553 1
1 957669 1
1 970665 1
1 985016 1
1 1007181 1
1 1014906 1
1 1029352 1
1 1197871 27
1 1197901 1
1 1200539 1
1 1202428 1
1 1205647 1
1 1221967 1
1 1231859 1
1 1236774 1
1 1240664 1
1 1246356 1
1 1246737 1
1 1257816 1
1 1282577 1
1 1425919 1
1 1449520 1
1 1456082 1
1 1456394 1
1 1459795 1
1 1463853 1
1 1464122 1
1 1464304 1
1 1467880 1
1 1478456 1
1 1481338 10
1 1484146 1
1 1485678 1
1 1486301 1
1 1486737 1
1 1487040 1
1 1487158 1
1 1491540 1
1 1491551 1
1 1494033 1
1 1497245 1
1 1498740 1
1 1499895 1
1 1501032 1
1 1509526 1
1 1521364 1
1 1541899 1
1 1551390 1
1 1561612 1
1 1563716 1
1 1592309 1
1 1597497 1
1 1615813 1
1 1626694 1
1 1634107 1
1 1641997 1
1 1653751 1
1 1681827 1
1 1760628 1
1 1768955 1
